[[[[13.675226106352817, -89.28457783889361], [13.675266578789934, -89.28573426126957]], [13.674206934702113, -89.28578096889119]], [13.674222123280137, -89.2868880084602]].

R = [
        [
            [
                [13.675226106352817, -89.28457783889361], 
                [13.675266578789934, -89.28573426126957]
            ],
            [13.674206934702113, -89.28578096889119]
        ], 
        [13.674222123280137, -89.2868880084602]
    ].

R = 
[
    [13.674222123280137, -89.2868880084602],
    [
        [13.674206934702113, -89.28578096889119], 
        [
            (13.675226106352817, -89.28457783889361), 
            (13.675266578789934, -89.28573426126957)
        ]
    ]
].
